0.000720029 3.05604 9.97572 0 0.0306 0
0.00143601 3.05209 9.95154 7.20029e-06 0.0611604 1
0.00214798 3.04815 9.92745 2.15604e-05 0.0916813 2
0.00285595 3.04423 9.90346 4.30402e-05 0.122163 3
0.00355994 3.04031 9.87955 7.15997e-05 0.152605 4
0.00425999 3.0364 9.85574 0.000107199 0.183008 5
0.00495612 3.0325 9.83202 0.000149799 0.213372 6
0.00564834 3.02861 9.80839 0.00019936 0.243697 7
0.00633668 3.02473 9.78485 0.000255844 0.273983 8
0.00702118 3.02086 9.7614 0.00031921 0.304231 9
0.00770183 3.017 9.73804 0.000389422 0.334439 10
0.00837868 3.01315 9.71476 0.00046644 0.364609 11
0.00905175 3.00931 9.69158 0.000550227 0.394741 12
0.00972105 3.00548 9.66848 0.000640745 0.424834 13
0.0103866 3.00166 9.64547 0.000737955 0.454889 14
0.0110484 2.99784 9.62255 0.000841821 0.484905 15
0.0117066 2.99404 9.59972 0.000952306 0.514884 16
0.0123611 2.99025 9.57697 0.00106937 0.544824 17
0.0130119 2.98646 9.5543 0.00119298 0.574727 18
0.0136591 2.98269 9.53173 0.0013231 0.604591 19
0.0143026 2.97892 9.50923 0.00145969 0.634418 20
0.0149426 2.97516 9.48682 0.00160272 0.664207 21
0.015579 2.97142 9.4645 0.00175214 0.693959 22
0.0162119 2.96768 9.44225 0.00190793 0.723673 23
0.0168412 2.96395 9.42009 0.00207005 0.75335 24
0.017467 2.96023 9.39802 0.00223846 0.782989 25
0.0180894 2.95652 9.37602 0.00241314 0.812592 26
0.0187083 2.95281 9.35411 0.00259403 0.842157 27
0.0193237 2.94912 9.33228 0.00278111 0.871685 28
0.0199357 2.94543 9.31052 0.00297435 0.901176 29
0.0205443 2.94176 9.28885 0.00317371 0.93063 30
0.0211495 2.93809 9.26726 0.00337915 0.960048 31
0.0217513 2.93443 9.24575 0.00359064 0.989429 32
0.0223498 2.93078 9.22432 0.00380816 1.01877 33
0.022945 2.92714 9.20296 0.00403166 1.04808 34
0.0235369 2.92351 9.18169 0.00426111 1.07735 35
0.0241254 2.91989 9.16049 0.00449647 1.10659 36
0.0247107 2.91627 9.13937 0.00473773 1.13579 37
0.0252928 2.91266 9.11833 0.00498484 1.16495 38
0.0258716 2.90907 9.09736 0.00523776 1.19408 39
0.0264472 2.90548 9.07647 0.00549648 1.22317 40
0.0270196 2.90189 9.05566 0.00576095 1.25222 41
0.0275888 2.89832 9.03492 0.00603115 1.28124 42
0.0281549 2.89476 9.01426 0.00630704 1.31022 43
0.0287178 2.8912 8.99367 0.00658859 1.33917 44
0.0292776 2.88765 8.97315 0.00687576 1.36808 45
0.0298343 2.88411 8.95271 0.00716854 1.39696 46
0.0303879 2.88058 8.93235 0.00746688 1.4258 47
0.0309384 2.87706 8.91205 0.00777076 1.45461 48
0.0314859 2.87355 8.89183 0.00808015 1.48338 49
0.0320303 2.87004 8.87169 0.00839501 1.51211 50
0.0325718 2.86654 8.85161 0.00871531 1.54081 51
0.0331102 2.86305 8.83161 0.00904103 1.56948 52
0.0336456 2.85957 8.81167 0.00937213 1.59811 53
0.0341781 2.85609 8.79181 0.00970858 1.6267 54
0.0347076 2.85263 8.77202 0.0100504 1.65527 55
0.0352341 2.84917 8.7523 0.0103974 1.68379 56
0.0357578 2.84572 8.73265 0.0107498 1.71228 57
0.0362785 2.84228 8.71307 0.0111074 1.74074 58
0.0367964 2.83884 8.69356 0.0114701 1.76916 59
0.0373114 2.83541 8.67412 0.0118381 1.79755 60
0.0378235 2.83199 8.65475 0.0122112 1.82591 61
0.0383328 2.82858 8.63544 0.0125895 1.85423 62
0.0388393 2.82518 8.61621 0.0129728 1.88251 63
0.0393429 2.82178 8.59704 0.0133612 1.91076 64
0.0398438 2.81839 8.57794 0.0137546 1.93898 65
0.0403419 2.81501 8.5589 0.014153 1.96717 66
0.0408372 2.81164 8.53993 0.0145565 1.99532 67
0.0413298 2.80828 8.52103 0.0149648 2.02343 68
0.0418197 2.80492 8.50219 0.0153781 2.05151 69
0.0423068 2.80157 8.48342 0.0157963 2.07956 70
0.0427913 2.79822 8.46472 0.0162194 2.10758 71
0.043273 2.79489 8.44608 0.0166473 2.13556 72
0.0437521 2.79156 8.4275 0.01708 2.16351 73
0.0442285 2.78824 8.40899 0.0175176 2.19143 74
0.0447023 2.78493 8.39055 0.0179599 2.21931 75
0.0451734 2.78162 8.37216 0.0184069 2.24716 76
0.045642 2.77832 8.35384 0.0188586 2.27497 77
0.0461079 2.77503 8.33559 0.019315 2.30276 78
0.0465713 2.77175 8.3174 0.0197761 2.33051 79
0.0470321 2.76847 8.29926 0.0202418 2.35822 80
0.0474903 2.7652 8.2812 0.0207121 2.38591 81
0.047946 2.76194 8.26319 0.021187 2.41356 82
0.0483991 2.75868 8.24525 0.0216665 2.44118 83
0.0488498 2.75544 8.22736 0.0221505 2.46877 84
0.0492979 2.75219 8.20954 0.022639 2.49632 85
0.0497435 2.74896 8.19178 0.023132 2.52384 86
0.0501867 2.74573 8.17408 0.0236294 2.55133 87
0.0506274 2.74251 8.15644 0.0241313 2.57879 88
0.0510657 2.7393 8.13885 0.0246375 2.60622 89
0.0515015 2.7361 8.12133 0.0251482 2.63361 90
0.0519349 2.7329 8.10387 0.0256632 2.66097 91
0.0523659 2.7297 8.08647 0.0261826 2.6883 92
0.0527945 2.72652 8.06912 0.0267062 2.7156 93
0.0532207 2.72334 8.05184 0.0272342 2.74286 94
0.0536446 2.72017 8.03461 0.0277664 2.77009 95
0.0540661 2.717 8.01744 0.0283028 2.7973 96
0.0544852 2.71385 8.00033 0.0288435 2.82447 97
0.054902 2.7107 7.98328 0.0293883 2.8516 98
0.0553165 2.70755 7.96628 0.0299374 2.87871 99
0.0557287 2.70441 7.94934 0.0304905 2.90579 100
0.0561385 2.70128 7.93245 0.0310478 2.93283 101
0.0565461 2.69816 7.91563 0.0316092 2.95984 102
0.0569515 2.69504 7.89886 0.0321747 2.98683 103
0.0573545 2.69193 7.88214 0.0327442 3.01378 104
0.0577554 2.68883 7.86548 0.0333177 3.0407 105
0.0581539 2.68573 7.84888 0.0338953 3.06758 106
0.0585503 2.68264 7.83233 0.0344768 3.09444 107
0.0589444 2.67955 7.81583 0.0350623 3.12127 108
0.0593364 2.67647 7.79939 0.0356518 3.14806 109
0.0597261 2.6734 7.78301 0.0362451 3.17483 110
0.0601137 2.67034 7.76667 0.0368424 3.20156 111
0.0604991 2.66728 7.7504 0.0374435 3.22827 112
0.0608824 2.66422 7.73417 0.0380485 3.25494 113
0.0612635 2.66118 7.718 0.0386573 3.28158 114
0.0616425 2.65814 7.70188 0.03927 3.30819 115
0.0620193 2.6551 7.68582 0.0398864 3.33477 116
0.0623941 2.65208 7.6698 0.0405066 3.36132 117
0.0627667 2.64906 7.65384 0.0411305 3.38785 118
0.0631373 2.64604 7.63793 0.0417582 3.41434 119
0.0635058 2.64303 7.62208 0.0423896 3.4408 120
0.0638722 2.64003 7.60627 0.0430246 3.46723 121
0.0642366 2.63703 7.59052 0.0436634 3.49363 122
0.0645989 2.63404 7.57481 0.0443057 3.52 123
0.0649591 2.63106 7.55916 0.0449517 3.54634 124
0.0653174 2.62808 7.54356 0.0456013 3.57265 125
0.0656736 2.62511 7.52801 0.0462545 3.59893 126
0.0660279 2.62215 7.51251 0.0469112 3.62518 127
0.0663801 2.61919 7.49706 0.0475715 3.6514 128
0.0667304 2.61623 7.48166 0.0482353 3.67759 129
0.0670787 2.61329 7.46631 0.0489026 3.70376 130
0.067425 2.61034 7.45101 0.0495734 3.72989 131
0.0677694 2.60741 7.43575 0.0502476 3.75599 132
0.0681118 2.60448 7.42055 0.0509253 3.78207 133
0.0684523 2.60156 7.40539 0.0516064 3.80811 134
0.0687909 2.59864 7.39029 0.052291 3.83413 135
0.0691276 2.59573 7.37523 0.0529789 3.86011 136
0.0694623 2.59282 7.36022 0.0536701 3.88607 137
0.0697952 2.58992 7.34525 0.0543648 3.912 138
0.0701262 2.58703 7.33034 0.0550627 3.9379 139
0.0704553 2.58414 7.31547 0.055764 3.96377 140
0.0707825 2.58126 7.30065 0.0564685 3.98961 141
0.0711079 2.57838 7.28587 0.0571764 4.01542 142
0.0714315 2.57551 7.27115 0.0578874 4.04121 143
0.0717532 2.57264 7.25647 0.0586018 4.06696 144
0.0720731 2.56978 7.24183 0.0593193 4.09269 145
0.0723912 2.56693 7.22724 0.06004 4.11838 146
0.0727074 2.56408 7.2127 0.0607639 4.14405 147
0.0730219 2.56124 7.1982 0.061491 4.1697 148
0.0733346 2.5584 7.18375 0.0622212 4.19531 149
0.0736454 2.55557 7.16935 0.0629546 4.22089 150
0.0739546 2.55275 7.15498 0.063691 4.24645 151
0.0742619 2.54992 7.14067 0.0644306 4.27197 152
0.0745675 2.54711 7.1264 0.0651732 4.29747 153
0.0748714 2.5443 7.11217 0.0659189 4.32295 154
0.0751735 2.5415 7.09799 0.0666676 4.34839 155
0.0754739 2.5387 7.08385 0.0674193 4.3738 156
0.0757725 2.53591 7.06975 0.0681741 4.39919 157
0.0760695 2.53312 7.0557 0.0689318 4.42455 158
0.0763647 2.53034 7.04169 0.0696925 4.44988 159
0.0766583 2.52756 7.02773 0.0704561 4.47518 160
0.0769502 2.52479 7.01381 0.0712227 4.50046 161
0.0772404 2.52203 6.99993 0.0719922 4.52571 162
0.0775289 2.51927 6.9861 0.0727646 4.55093 163
0.0778158 2.51651 6.9723 0.0735399 4.57612 164
0.078101 2.51376 6.95855 0.0743181 4.60129 165
0.0783846 2.51102 6.94485 0.0750991 4.62642 166
0.0786665 2.50828 6.93118 0.0758829 4.65153 167
0.0789468 2.50554 6.91756 0.0766696 4.67662 168
0.0792255 2.50282 6.90397 0.077459 4.70167 169
0.0795026 2.50009 6.89043 0.0782513 4.7267 170
0.0797781 2.49738 6.87693 0.0790463 4.7517 171
0.080052 2.49466 6.86347 0.0798441 4.77667 172
0.0803242 2.49196 6.85006 0.0806446 4.80162 173
0.080595 2.48925 6.83668 0.0814479 4.82654 174
0.0808641 2.48656 6.82334 0.0822538 4.85143 175
0.0811317 2.48386 6.81005 0.0830625 4.8763 176
0.0813977 2.48118 6.79679 0.0838738 4.90114 177
0.0816622 2.4785 6.78358 0.0846878 4.92595 178
0.0819251 2.47582 6.7704 0.0855044 4.95073 179
0.0821865 2.47315 6.75727 0.0863236 4.97549 180
0.0824464 2.47048 6.74417 0.0871455 5.00022 181
0.0827047 2.46782 6.73112 0.08797 5.02493 182
0.0829615 2.46516 6.7181 0.088797 5.04961 183
0.0832169 2.46251 6.70512 0.0896266 5.07426 184
0.0834707 2.45986 6.69218 0.0904588 5.09888 185
0.0837231 2.45722 6.67928 0.0912935 5.12348 186
0.0839739 2.45459 6.66642 0.0921307 5.14805 187
0.0842233 2.45196 6.6536 0.0929705 5.1726 188
0.0844712 2.44933 6.64081 0.0938127 5.19712 189
0.0847177 2.44671 6.62806 0.0946574 5.22161 190
0.0849627 2.44409 6.61535 0.0955046 5.24608 191
0.0852062 2.44148 6.60268 0.0963542 5.27052 192
0.0854484 2.43887 6.59005 0.0972063 5.29494 193
0.0856891 2.43627 6.57745 0.0980608 5.31932 194
0.0859283 2.43367 6.56489 0.0989176 5.34369 195
0.0861662 2.43108 6.55237 0.0997769 5.36802 196
0.0864026 2.42849 6.53989 0.100639 5.39233 197
0.0866376 2.42591 6.52744 0.101503 5.41662 198
0.0868712 2.42333 6.51503 0.102369 5.44088 199
0.0871035 2.42075 6.50265 0.103238 5.46511 200
0.0873343 2.41819 6.49032 0.104109 5.48932 201
0.0875638 2.41562 6.47801 0.104982 5.5135 202
0.0877919 2.41306 6.46575 0.105858 5.53766 203
0.0880186 2.41051 6.45352 0.106736 5.56179 204
0.088244 2.40796 6.44132 0.107616 5.58589 205
0.088468 2.40541 6.42917 0.108498 5.60997 206
0.0886907 2.40287 6.41704 0.109383 5.63403 207
0.088912 2.40034 6.40496 0.11027 5.65806 208
0.089132 2.3978 6.3929 0.111159 5.68206 209
0.0893507 2.39528 6.38089 0.11205 5.70604 210
0.089568 2.39275 6.3689 0.112944 5.72999 211
0.0897841 2.39024 6.35696 0.113839 5.75392 212
0.0899988 2.38772 6.34504 0.114737 5.77782 213
0.0902122 2.38521 6.33317 0.115637 5.8017 214
0.0904244 2.38271 6.32132 0.116539 5.82555 215
0.0906352 2.38021 6.30951 0.117444 5.84938 216
0.0908448 2.37772 6.29774 0.11835 5.87318 217
0.0910531 2.37523 6.28599 0.119258 5.89696 218
0.0912601 2.37274 6.27429 0.120169 5.92071 219
0.0914658 2.37026 6.26261 0.121082 5.94443 220
0.0916703 2.36778 6.25097 0.121996 5.96814 221
0.0918736 2.36531 6.23936 0.122913 5.99182 222
0.0920756 2.36284 6.22779 0.123832 6.01547 223
0.0922763 2.36037 6.21625 0.124752 6.0391 224
0.0924758 2.35792 6.20474 0.125675 6.0627 225
0.0926741 2.35546 6.19327 0.1266 6.08628 226
0.0928712 2.35301 6.18182 0.127527 6.10983 227
0.093067 2.35056 6.17041 0.128455 6.13336 228
0.0932616 2.34812 6.15904 0.129386 6.15687 229
0.0934551 2.34568 6.14769 0.130319 6.18035 230
0.0936473 2.34325 6.13638 0.131253 6.20381 231
0.0938383 2.34082 6.1251 0.13219 6.22724 232
0.0940281 2.33839 6.11385 0.133128 6.25065 233
0.0942168 2.33597 6.10263 0.134068 6.27403 234
0.0944043 2.33356 6.09145 0.135011 6.29739 235
0.0945906 2.33115 6.08029 0.135955 6.32073 236
0.0947757 2.32874 6.06917 0.136901 6.34404 237
0.0949597 2.32633 6.05808 0.137848 6.36733 238
0.0951425 2.32393 6.04702 0.138798 6.39059 239
0.0953241 2.32154 6.03599 0.139749 6.41383 240
0.0955047 2.31915 6.02499 0.140703 6.43704 241
0.095684 2.31676 6.01403 0.141658 6.46024 242
0.0958623 2.31438 6.00309 0.142614 6.4834 243
0.0960394 2.312 5.99218 0.143573 6.50655 244
0.0962154 2.30962 5.98131 0.144533 6.52967 245
0.0963902 2.30725 5.97046 0.145496 6.55276 246
0.096564 2.30489 5.95965 0.14646 6.57584 247
0.0967366 2.30252 5.94886 0.147425 6.59889 248
0.0969081 2.30017 5.93811 0.148393 6.62191 249
0.0970786 2.29781 5.92738 0.149362 6.64491 250
0.0972479 2.29546 5.91669 0.150332 6.66789 251
0.0974161 2.29312 5.90602 0.151305 6.69084 252
0.0975833 2.29077 5.89539 0.152279 6.71378 253
0.0977494 2.28844 5.88478 0.153255 6.73668 254
0.0979144 2.2861 5.8742 0.154232 6.75957 255
0.0980784 2.28377 5.86365 0.155211 6.78243 256
0.0982412 2.28145 5.85314 0.156192 6.80527 257
0.098403 2.27912 5.84265 0.157175 6.82808 258
0.0985638 2.2768 5.83218 0.158159 6.85087 259
0.0987235 2.27449 5.82175 0.159144 6.87364 260
0.0988822 2.27218 5.81135 0.160132 6.89639 261
0.0990398 2.26987 5.80097 0.16112 6.91911 262
0.0991964 2.26757 5.79062 0.162111 6.94181 263
0.099352 2.26527 5.78031 0.163103 6.96448 264
0.0995065 2.26298 5.77002 0.164096 6.98713 265
0.09966 2.26069 5.75975 0.165091 7.00976 266
0.0998125 2.2584 5.74952 0.166088 7.03237 267
0.099964 2.25612 5.73931 0.167086 7.05495 268
0.100114 2.25384 5.72913 0.168086 7.07752 269
0.100264 2.25156 5.71898 0.169087 7.10005 270
0.100412 2.24929 5.70886 0.17009 7.12257 271
0.10056 2.24702 5.69876 0.171094 7.14506 272
0.100706 2.24476 5.68869 0.172099 7.16753 273
0.100852 2.2425 5.67865 0.173106 7.18998 274
0.100996 2.24024 5.66863 0.174115 7.21241 275
0.10114 2.23799 5.65864 0.175125 7.23481 276
0.101283 2.23574 5.64868 0.176136 7.25719 277
0.101424 2.2335 5.63875 0.177149 7.27955 278
0.101565 2.23125 5.62884 0.178163 7.30188 279
0.101704 2.22902 5.61896 0.179179 7.32419 280
0.101843 2.22678 5.60911 0.180196 7.34648 281
0.101981 2.22455 5.59928 0.181214 7.36875 282
0.102118 2.22233 5.58947 0.182234 7.391 283
0.102254 2.2201 5.5797 0.183255 7.41322 284
0.102389 2.21788 5.56995 0.184278 7.43542 285
0.102523 2.21567 5.56023 0.185302 7.4576 286
0.102656 2.21346 5.55053 0.186327 7.47976 287
0.102788 2.21125 5.54086 0.187354 7.50189 288
0.102919 2.20904 5.53121 0.188381 7.524 289
0.10305 2.20684 5.52159 0.189411 7.54609 290
0.103179 2.20464 5.51199 0.190441 7.56816 291
0.103308 2.20245 5.50242 0.191473 7.59021 292
0.103435 2.20026 5.49288 0.192506 7.61223 293
0.103562 2.19807 5.48336 0.19354 7.63424 294
0.103688 2.19589 5.47386 0.194576 7.65622 295
0.103813 2.19371 5.46439 0.195613 7.67818 296
0.103937 2.19153 5.45495 0.196651 7.70011 297
0.10406 2.18936 5.44553 0.19769 7.72203 298
0.104182 2.18719 5.43614 0.198731 7.74392 299
0.104303 2.18503 5.42677 0.199773 7.76579 300
0.104424 2.18287 5.41742 0.200816 7.78764 301
0.104544 2.18071 5.4081 0.20186 7.80947 302
0.104662 2.17855 5.3988 0.202905 7.83128 303
0.10478 2.1764 5.38953 0.203952 7.85307 304
0.104897 2.17425 5.38028 0.205 7.87483 305
0.105014 2.17211 5.37106 0.206049 7.89657 306
0.105129 2.16997 5.36186 0.207099 7.91829 307
0.105244 2.16783 5.35268 0.20815 7.93999 308
0.105357 2.16569 5.34353 0.209203 7.96167 309
0.10547 2.16356 5.3344 0.210256 7.98333 310
0.105582 2.16143 5.32529 0.211311 8.00496 311
0.105693 2.15931 5.31621 0.212367 8.02658 312
0.105804 2.15719 5.30715 0.213424 8.04817 313
0.105913 2.15507 5.29812 0.214482 8.06974 314
0.106022 2.15296 5.28911 0.215541 8.09129 315
0.10613 2.15085 5.28012 0.216601 8.11282 316
0.106237 2.14874 5.27116 0.217662 8.13433 317
0.106343 2.14664 5.26221 0.218725 8.15582 318
0.106448 2.14454 5.25329 0.219788 8.17729 319
0.106553 2.14244 5.2444 0.220853 8.19873 320
0.106657 2.14034 5.23553 0.221918 8.22015 321
0.10676 2.13825 5.22668 0.222985 8.24156 322
0.106862 2.13617 5.21785 0.224052 8.26294 323
0.106964 2.13408 5.20904 0.225121 8.2843 324
0.107065 2.132 5.20026 0.226191 8.30564 325
0.107164 2.12992 5.1915 0.227261 8.32696 326
0.107264 2.12785 5.18276 0.228333 8.34826 327
0.107362 2.12578 5.17404 0.229406 8.36954 328
0.10746 2.12371 5.16535 0.230479 8.3908 329
0.107556 2.12165 5.15668 0.231554 8.41204 330
0.107652 2.11958 5.14803 0.232629 8.43325 331
0.107748 2.11753 5.1394 0.233706 8.45445 332
0.107842 2.11547 5.1308 0.234783 8.47562 333
0.107936 2.11342 5.12221 0.235862 8.49678 334
0.108029 2.11137 5.11365 0.236941 8.51791 335
0.108121 2.10932 5.10511 0.238021 8.53903 336
0.108213 2.10728 5.09659 0.239103 8.56012 337
0.108304 2.10524 5.08809 0.240185 8.58119 338
0.108394 2.10321 5.07961 0.241268 8.60224 339
0.108483 2.10117 5.07116 0.242352 8.62328 340
0.108572 2.09914 5.06273 0.243437 8.64429 341
0.10866 2.09712 5.05431 0.244522 8.66528 342
0.108747 2.09509 5.04592 0.245609 8.68625 343
0.108833 2.09307 5.03755 0.246696 8.7072 344
0.108919 2.09106 5.0292 0.247785 8.72813 345
0.109004 2.08904 5.02087 0.248874 8.74904 346
0.109088 2.08703 5.01256 0.249964 8.76993 347
0.109172 2.08502 5.00427 0.251055 8.7908 348
0.109255 2.08302 4.99601 0.252147 8.81165 349
0.109337 2.08102 4.98776 0.253239 8.83248 350
0.109418 2.07902 4.97953 0.254332 8.85329 351
0.109499 2.07702 4.97133 0.255427 8.87408 352
0.109579 2.07503 4.96314 0.256522 8.89485 353
0.109658 2.07304 4.95498 0.257617 8.91561 354
0.109737 2.07105 4.94683 0.258714 8.93634 355
0.109815 2.06907 4.93871 0.259811 8.95705 356
0.109892 2.06709 4.9306 0.26091 8.97774 357
0.109969 2.06511 4.92252 0.262008 8.99841 358
0.110045 2.06314 4.91445 0.263108 9.01906 359
0.11012 2.06116 4.90641 0.264209 9.03969 360
0.110195 2.05919 4.89838 0.26531 9.0603 361
0.110269 2.05723 4.89038 0.266412 9.08089 362
0.110342 2.05527 4.88239 0.267514 9.10147 363
0.110415 2.05331 4.87442 0.268618 9.12202 364
0.110487 2.05135 4.86648 0.269722 9.14255 365
0.110558 2.04939 4.85855 0.270827 9.16307 366
0.110629 2.04744 4.85064 0.271932 9.18356 367
0.110699 2.0455 4.84275 0.273039 9.20403 368
0.110768 2.04355 4.83488 0.274146 9.22449 369
0.110837 2.04161 4.82703 0.275253 9.24492 370
0.110905 2.03967 4.8192 0.276362 9.26534 371
0.110972 2.03773 4.81139 0.277471 9.28574 372
0.111039 2.0358 4.80359 0.278581 9.30611 373
0.111105 2.03387 4.79582 0.279691 9.32647 374
0.111171 2.03194 4.78806 0.280802 9.34681 375
0.111235 2.03001 4.78033 0.281914 9.36713 376
0.1113 2.02809 4.77261 0.283026 9.38743 377
0.111363 2.02617 4.76491 0.284139 9.40771 378
0.111426 2.02425 4.75723 0.285253 9.42797 379
0.111489 2.02234 4.74956 0.286367 9.44822 380
0.111551 2.02043 4.74192 0.287482 9.46844 381
0.111612 2.01852 4.73429 0.288597 9.48864 382
0.111672 2.01662 4.72669 0.289713 9.50883 383
0.111732 2.01471 4.7191 0.29083 9.52899 384
0.111791 2.01281 4.71152 0.291948 9.54914 385
0.11185 2.01092 4.70397 0.293065 9.56927 386
0.111908 2.00902 4.69644 0.294184 9.58938 387
0.111966 2.00713 4.68892 0.295303 9.60947 388
0.112023 2.00524 4.68142 0.296423 9.62954 389
0.112079 2.00336 4.67394 0.297543 9.64959 390
0.112135 2.00147 4.66647 0.298664 9.66963 391
0.11219 1.99959 4.65903 0.299785 9.68964 392
0.112245 1.99771 4.6516 0.300907 9.70964 393
0.112299 1.99584 4.64419 0.302029 9.72961 394
0.112352 1.99397 4.6368 0.303152 9.74957 395
0.112405 1.9921 4.62942 0.304276 9.76951 396
0.112457 1.99023 4.62206 0.3054 9.78943 397
0.112509 1.98837 4.61472 0.306525 9.80934 398
0.11256 1.9865 4.6074 0.30765 9.82922 399
0.11261 1.98464 4.60009 0.308775 9.84908 400
0.11266 1.98279 4.5928 0.309901 9.86893 401
0.11271 1.98094 4.58553 0.311028 9.88876 402
0.112759 1.97908 4.57828 0.312155 9.90857 403
0.112807 1.97724 4.57104 0.313283 9.92836 404
0.112855 1.97539 4.56382 0.314411 9.94813 405
0.112902 1.97355 4.55662 0.315539 9.96788 406
0.112948 1.97171 4.54943 0.316668 9.98762 407
0.112995 1.96987 4.54226 0.317798 10.0073 408
0.11304 1.96803 4.53511 0.318928 10.027 409
0.113085 1.9662 4.52797 0.320058 10.0467 410
0.11313 1.96437 4.52085 0.321189 10.0664 411
0.113173 1.96254 4.51375 0.32232 10.086 412
0.113217 1.96072 4.50666 0.323452 10.1056 413
0.11326 1.9589 4.49959 0.324584 10.1253 414
0.113302 1.95708 4.49253 0.325717 10.1448 415
0.113344 1.95526 4.4855 0.32685 10.1644 416
0.113385 1.95345 4.47848 0.327983 10.184 417
0.113426 1.95164 4.47147 0.329117 10.2035 418
0.113466 1.94983 4.46448 0.330251 10.223 419
0.113505 1.94802 4.45751 0.331386 10.2425 420
0.113545 1.94622 4.45055 0.332521 10.262 421
0.113583 1.94441 4.44361 0.333656 10.2815 422
0.113621 1.94261 4.43669 0.334792 10.3009 423
0.113659 1.94082 4.42978 0.335928 10.3203 424
0.113696 1.93902 4.42288 0.337065 10.3397 425
0.113732 1.93723 4.41601 0.338202 10.3591 426
0.113768 1.93544 4.40915 0.339339 10.3785 427
0.113804 1.93366 4.4023 0.340477 10.3979 428
0.113839 1.93187 4.39547 0.341615 10.4172 429
0.113874 1.93009 4.38866 0.342753 10.4365 430
0.113908 1.92831 4.38186 0.343892 10.4558 431
0.113941 1.92654 4.37507 0.345031 10.4751 432
0.113974 1.92476 4.36831 0.346171 10.4944 433
0.114007 1.92299 4.36155 0.34731 10.5136 434
0.114039 1.92122 4.35482 0.34845 10.5328 435
0.11407 1.91945 4.3481 0.349591 10.552 436
0.114101 1.91769 4.34139 0.350732 10.5712 437
0.114132 1.91593 4.3347 0.351873 10.5904 438
0.114162 1.91417 4.32802 0.353014 10.6096 439
0.114192 1.91241 4.32136 0.354156 10.6287 440
0.114221 1.91066 4.31472 0.355297 10.6478 441
0.11425 1.90891 4.30808 0.35644 10.667 442
0.114278 1.90716 4.30147 0.357582 10.686 443
0.114306 1.90541 4.29487 0.358725 10.7051 444
0.114333 1.90366 4.28828 0.359868 10.7242 445
0.11436 1.90192 4.28171 0.361011 10.7432 446
0.114386 1.90018 4.27515 0.362155 10.7622 447
0.114412 1.89844 4.26861 0.363299 10.7812 448
0.114437 1.89671 4.26209 0.364443 10.8002 449
0.114462 1.89497 4.25557 0.365587 10.8192 450
0.114486 1.89324 4.24907 0.366732 10.8381 451
0.11451 1.89152 4.24259 0.367877 10.8571 452
0.114534 1.88979 4.23612 0.369022 10.876 453
0.114557 1.88807 4.22967 0.370167 10.8949 454
0.11458 1.88634 4.22323 0.371313 10.9138 455
0.114602 1.88463 4.2168 0.372459 10.9326 456
0.114624 1.88291 4.21039 0.373605 10.9515 457
0.114645 1.88119 4.20399 0.374751 10.9703 458
0.114666 1.87948 4.19761 0.375897 10.9891 459
0.114686 1.87777 4.19124 0.377044 11.0079 460
0.114706 1.87607 4.18489 0.378191 11.0267 461
0.114726 1.87436 4.17855 0.379338 11.0454 462
0.114745 1.87266 4.17222 0.380485 11.0642 463
0.114763 1.87096 4.16591 0.381633 11.0829 464
0.114782 1.86926 4.15961 0.38278 11.1016 465
0.114799 1.86756 4.15332 0.383928 11.1203 466
0.114817 1.86587 4.14705 0.385076 11.139 467
0.114834 1.86418 4.1408 0.386224 11.1576 468
0.11485 1.86249 4.13455 0.387372 11.1763 469
0.114866 1.8608 4.12832 0.388521 11.1949 470
0.114882 1.85912 4.12211 0.38967 11.2135 471
0.114897 1.85743 4.1159 0.390818 11.2321 472
0.114912 1.85575 4.10972 0.391967 11.2507 473
0.114926 1.85408 4.10354 0.393117 11.2692 474
0.11494 1.8524 4.09738 0.394266 11.2878 475
0.114954 1.85073 4.09123 0.395415 11.3063 476
0.114967 1.84906 4.0851 0.396565 11.3248 477
0.11498 1.84739 4.07897 0.397714 11.3433 478
0.114992 1.84572 4.07287 0.398864 11.3618 479
0.115004 1.84406 4.06677 0.400014 11.3802 480
0.115015 1.84239 4.06069 0.401164 11.3987 481
0.115026 1.84073 4.05462 0.402314 11.4171 482
0.115037 1.83907 4.04857 0.403465 11.4355 483
0.115047 1.83742 4.04252 0.404615 11.4539 484
0.115057 1.83577 4.03649 0.405765 11.4723 485
0.115067 1.83411 4.03048 0.406916 11.4906 486
0.115076 1.83246 4.02448 0.408067 11.509 487
0.115085 1.83082 4.01849 0.409217 11.5273 488
0.115093 1.82917 4.01251 0.410368 11.5456 489
0.115101 1.82753 4.00654 0.411519 11.5639 490
0.115108 1.82589 4.00059 0.41267 11.5822 491
0.115115 1.82425 3.99465 0.413821 11.6004 492
0.115122 1.82261 3.98873 0.414972 11.6187 493
0.115128 1.82098 3.98281 0.416124 11.6369 494
0.115134 1.81935 3.97691 0.417275 11.6551 495
0.11514 1.81772 3.97103 0.418426 11.6733 496
0.115145 1.81609 3.96515 0.419578 11.6915 497
0.11515 1.81446 3.95929 0.420729 11.7096 498
0.115154 1.81284 3.95344 0.421881 11.7278 499
0.115159 1.81122 3.9476 0.423032 11.7459 500
0.115162 1.8096 3.94177 0.424184 11.764 501
0.115166 1.80798 3.93596 0.425335 11.7821 502
0.115168 1.80637 3.93016 0.426487 11.8002 503
0.115171 1.80475 3.92437 0.427639 11.8183 504
0.115173 1.80314 3.9186 0.42879 11.8363 505
0.115175 1.80153 3.91283 0.429942 11.8543 506
0.115177 1.79992 3.90708 0.431094 11.8724 507
0.115178 1.79832 3.90134 0.432246 11.8904 508
0.115178 1.79672 3.89562 0.433397 11.9083 509
0.115179 1.79512 3.8899 0.434549 11.9263 510
0.115179 1.79352 3.8842 0.435701 11.9443 511
0.115178 1.79192 3.87851 0.436853 11.9622 512
0.115178 1.79033 3.87283 0.438005 11.9801 513
0.115177 1.78873 3.86716 0.439156 11.998 514
0.115175 1.78714 3.86151 0.440308 12.0159 515
0.115174 1.78555 3.85586 0.44146 12.0338 516
0.115171 1.78397 3.85023 0.442612 12.0516 517
0.115169 1.78238 3.84461 0.443763 12.0695 518
0.115166 1.7808 3.839 0.444915 12.0873 519
0.115163 1.77922 3.83341 0.446067 12.1051 520
0.115159 1.77764 3.82782 0.447218 12.1229 521
0.115156 1.77606 3.82225 0.44837 12.1407 522
0.115151 1.77449 3.81669 0.449522 12.1584 523
0.115147 1.77292 3.81114 0.450673 12.1762 524
0.115142 1.77135 3.8056 0.451824 12.1939 525
0.115137 1.76978 3.80008 0.452976 12.2116 526
0.115131 1.76821 3.79456 0.454127 12.2293 527
0.115125 1.76665 3.78906 0.455279 12.247 528
0.115119 1.76508 3.78356 0.45643 12.2647 529
0.115112 1.76352 3.77808 0.457581 12.2823 530
0.115106 1.76196 3.77261 0.458732 12.2999 531
0.115098 1.76041 3.76716 0.459883 12.3176 532
0.115091 1.75885 3.76171 0.461034 12.3352 533
0.115083 1.7573 3.75627 0.462185 12.3528 534
0.115075 1.75575 3.75085 0.463336 12.3703 535
0.115066 1.7542 3.74544 0.464487 12.3879 536
0.115057 1.75265 3.74004 0.465637 12.4054 537
0.115048 1.75111 3.73464 0.466788 12.423 538
0.115039 1.74956 3.72926 0.467938 12.4405 539
0.115029 1.74802 3.7239 0.469089 12.458 540
0.115019 1.74648 3.71854 0.470239 12.4754 541
0.115008 1.74494 3.71319 0.471389 12.4929 542
0.114997 1.74341 3.70786 0.472539 12.5104 543
0.114986 1.74187 3.70253 0.473689 12.5278 544
0.114975 1.74034 3.69722 0.474839 12.5452 545
0.114963 1.73881 3.69191 0.475989 12.5626 546
0.114951 1.73728 3.68662 0.477139 12.58 547
0.114939 1.73576 3.68134 0.478288 12.5974 548
0.114926 1.73423 3.67607 0.479437 12.6147 549
0.114913 1.73271 3.67081 0.480587 12.6321 550
0.1149 1.73119 3.66556 0.481736 12.6494 551
0.114886 1.72967 3.66032 0.482885 12.6667 552
0.114872 1.72816 3.65509 0.484034 12.684 553
0.114858 1.72664 3.64988 0.485182 12.7013 554
0.114844 1.72513 3.64467 0.486331 12.7186 555
0.114829 1.72362 3.63947 0.487479 12.7358 556
0.114814 1.72211 3.63429 0.488628 12.7531 557
0.114798 1.7206 3.62911 0.489776 12.7703 558
0.114783 1.71909 3.62395 0.490924 12.7875 559
0.114767 1.71759 3.61879 0.492072 12.8047 560
0.11475 1.71609 3.61365 0.493219 12.8218 561
0.114734 1.71459 3.60851 0.494367 12.839 562
0.114717 1.71309 3.60339 0.495514 12.8562 563
0.1147 1.71159 3.59828 0.496661 12.8733 564
0.114682 1.7101 3.59317 0.497808 12.8904 565
0.114665 1.7086 3.58808 0.498955 12.9075 566
0.114646 1.70711 3.583 0.500102 12.9246 567
0.114628 1.70562 3.57792 0.501248 12.9417 568
0.11461 1.70414 3.57286 0.502395 12.9587 569
0.114591 1.70265 3.56781 0.503541 12.9758 570
0.114572 1.70117 3.56277 0.504687 12.9928 571
0.114552 1.69968 3.55774 0.505832 13.0098 572
0.114532 1.6982 3.55271 0.506978 13.0268 573
0.114512 1.69672 3.5477 0.508123 13.0438 574
0.114492 1.69525 3.5427 0.509268 13.0607 575
0.114471 1.69377 3.53771 0.510413 13.0777 576
0.114451 1.6923 3.53272 0.511558 13.0946 577
0.114429 1.69083 3.52775 0.512702 13.1116 578
0.114408 1.68936 3.52279 0.513847 13.1285 579
0.114386 1.68789 3.51784 0.514991 13.1454 580
0.114364 1.68642 3.51289 0.516135 13.1622 581
0.114342 1.68496 3.50796 0.517278 13.1791 582
0.11432 1.6835 3.50304 0.518422 13.1959 583
0.114297 1.68203 3.49812 0.519565 13.2128 584
0.114274 1.68057 3.49322 0.520708 13.2296 585
0.114251 1.67912 3.48832 0.521851 13.2464 586
0.114227 1.67766 3.48344 0.522993 13.2632 587
0.114203 1.67621 3.47856 0.524135 13.28 588
0.114179 1.67475 3.4737 0.525277 13.2967 589
0.114155 1.6733 3.46884 0.526419 13.3135 590
0.11413 1.67185 3.464 0.527561 13.3302 591
0.114105 1.67041 3.45916 0.528702 13.3469 592
0.11408 1.66896 3.45433 0.529843 13.3636 593
0.114055 1.66752 3.44951 0.530984 13.3803 594
0.114029 1.66608 3.4447 0.532124 13.397 595
0.114003 1.66463 3.4399 0.533265 13.4137 596
0.113977 1.6632 3.43511 0.534405 13.4303 597
0.113951 1.66176 3.43033 0.535545 13.4469 598
0.113924 1.66032 3.42556 0.536684 13.4636 599
0.113897 1.65889 3.4208 0.537823 13.4802 600
0.11387 1.65746 3.41605 0.538962 13.4968 601
0.113842 1.65603 3.4113 0.540101 13.5133 602
0.113815 1.6546 3.40657 0.541239 13.5299 603
0.113787 1.65317 3.40184 0.542378 13.5464 604
0.113759 1.65175 3.39712 0.543515 13.563 605
0.11373 1.65032 3.39242 0.544653 13.5795 606
0.113702 1.6489 3.38772 0.54579 13.596 607
0.113673 1.64748 3.38303 0.546927 13.6125 608
0.113644 1.64606 3.37835 0.548064 13.629 609
0.113614 1.64464 3.37368 0.5492 13.6454 610
0.113585 1.64323 3.36902 0.550337 13.6619 611
0.113555 1.64181 3.36436 0.551472 13.6783 612
0.113525 1.6404 3.35972 0.552608 13.6947 613
0.113494 1.63899 3.35508 0.553743 13.7111 614
0.113464 1.63758 3.35046 0.554878 13.7275 615
0.113433 1.63617 3.34584 0.556013 13.7439 616
0.113402 1.63477 3.34123 0.557147 13.7602 617
0.11337 1.63336 3.33663 0.558281 13.7766 618
0.113339 1.63196 3.33204 0.559415 13.7929 619
0.113307 1.63056 3.32746 0.560548 13.8092 620
0.113275 1.62916 3.32288 0.561681 13.8255 621
0.113243 1.62776 3.31832 0.562814 13.8418 622
0.11321 1.62637 3.31376 0.563947 13.8581 623
0.113178 1.62497 3.30921 0.565079 13.8744 624
0.113145 1.62358 3.30467 0.56621 13.8906 625
0.113112 1.62219 3.30014 0.567342 13.9069 626
0.113078 1.6208 3.29562 0.568473 13.9231 627
0.113045 1.61941 3.29111 0.569604 13.9393 628
0.113011 1.61802 3.2866 0.570734 13.9555 629
0.112977 1.61664 3.28211 0.571864 13.9717 630
0.112942 1.61526 3.27762 0.572994 13.9878 631
0.112908 1.61387 3.27314 0.574123 14.004 632
0.112873 1.61249 3.26867 0.575253 14.0201 633
0.112838 1.61112 3.26421 0.576381 14.0363 634
0.112803 1.60974 3.25975 0.57751 14.0524 635
0.112768 1.60836 3.25531 0.578638 14.0685 636
0.112732 1.60699 3.25087 0.579765 14.0845 637
0.112696 1.60562 3.24644 0.580893 14.1006 638
0.11266 1.60425 3.24202 0.58202 14.1167 639
0.112624 1.60288 3.23761 0.583146 14.1327 640
0.112588 1.60151 3.2332 0.584273 14.1487 641
0.112551 1.60014 3.22881 0.585398 14.1648 642
0.112514 1.59878 3.22442 0.586524 14.1808 643
0.112477 1.59741 3.22004 0.587649 14.1967 644
0.11244 1.59605 3.21567 0.588774 14.2127 645
0.112402 1.59469 3.2113 0.589898 14.2287 646
0.112364 1.59333 3.20695 0.591022 14.2446 647
0.112326 1.59198 3.2026 0.592146 14.2606 648
0.112288 1.59062 3.19826 0.593269 14.2765 649
0.11225 1.58927 3.19393 0.594392 14.2924 650
0.112211 1.58791 3.18961 0.595515 14.3083 651
0.112173 1.58656 3.18529 0.596637 14.3242 652
0.112134 1.58521 3.18099 0.597758 14.34 653
0.112094 1.58386 3.17669 0.59888 14.3559 654
0.112055 1.58252 3.1724 0.600001 14.3717 655
0.112015 1.58117 3.16811 0.601121 14.3875 656
0.111976 1.57983 3.16384 0.602241 14.4034 657
0.111936 1.57849 3.15957 0.603361 14.4191 658
0.111895 1.57715 3.15531 0.60448 14.4349 659
0.111855 1.57581 3.15106 0.605599 14.4507 660
0.111814 1.57447 3.14681 0.606718 14.4665 661
0.111774 1.57313 3.14258 0.607836 14.4822 662
0.111733 1.5718 3.13835 0.608954 14.4979 663
0.111692 1.57046 3.13413 0.610071 14.5137 664
0.11165 1.56913 3.12992 0.611188 14.5294 665
0.111609 1.5678 3.12571 0.612305 14.5451 666
0.111567 1.56647 3.12151 0.613421 14.5607 667
0.111525 1.56515 3.11732 0.614536 14.5764 668
0.111483 1.56382 3.11314 0.615652 14.592 669
0.11144 1.5625 3.10897 0.616766 14.6077 670
0.111398 1.56117 3.1048 0.617881 14.6233 671
0.111355 1.55985 3.10064 0.618995 14.6389 672
0.111312 1.55853 3.09649 0.620108 14.6545 673
0.111269 1.55721 3.09235 0.621221 14.6701 674
0.111226 1.55589 3.08821 0.622334 14.6857 675
0.111182 1.55458 3.08408 0.623446 14.7012 676
0.111139 1.55326 3.07996 0.624558 14.7168 677
0.111095 1.55195 3.07584 0.62567 14.7323 678
0.111051 1.55064 3.07174 0.626781 14.7478 679
0.111007 1.54933 3.06764 0.627891 14.7633 680
0.110962 1.54802 3.06355 0.629001 14.7788 681
0.110918 1.54671 3.05946 0.630111 14.7943 682
0.110873 1.54541 3.05538 0.63122 14.8098 683
0.110828 1.5441 3.05131 0.632329 14.8252 684
0.110783 1.5428 3.04725 0.633437 14.8407 685
0.110738 1.5415 3.0432 0.634545 14.8561 686
0.110692 1.5402 3.03915 0.635652 14.8715 687
0.110647 1.5389 3.03511 0.636759 14.8869 688
0.110601 1.5376 3.03107 0.637866 14.9023 689
0.110555 1.53631 3.02705 0.638972 14.9177 690
0.110509 1.53501 3.02303 0.640077 14.9331 691
0.110462 1.53372 3.01902 0.641182 14.9484 692
0.110416 1.53243 3.01501 0.642287 14.9637 693
0.110369 1.53114 3.01101 0.643391 14.9791 694
0.110322 1.52985 3.00702 0.644495 14.9944 695
0.110275 1.52856 3.00304 0.645598 15.0097 696
0.110228 1.52727 2.99906 0.646701 15.025 697
0.11018 1.52599 2.9951 0.647803 15.0402 698
0.110133 1.5247 2.99113 0.648905 15.0555 699
0.110085 1.52342 2.98718 0.650006 15.0707 700
0.110037 1.52214 2.98323 0.651107 15.086 701
0.109989 1.52086 2.97929 0.652207 15.1012 702
0.109941 1.51958 2.97535 0.653307 15.1164 703
0.109892 1.5183 2.97143 0.654407 15.1316 704
0.109844 1.51703 2.96751 0.655505 15.1468 705
0.109795 1.51576 2.96359 0.656604 15.162 706
0.109746 1.51448 2.95969 0.657702 15.1771 707
0.109697 1.51321 2.95579 0.658799 15.1923 708
0.109648 1.51194 2.9519 0.659896 15.2074 709
0.109599 1.51067 2.94801 0.660993 15.2225 710
0.109549 1.5094 2.94413 0.662089 15.2376 711
0.109499 1.50814 2.94026 0.663184 15.2527 712
0.109449 1.50687 2.93639 0.664279 15.2678 713
0.109399 1.50561 2.93254 0.665374 15.2829 714
0.109349 1.50435 2.92868 0.666468 15.2979 715
0.109299 1.50309 2.92484 0.667561 15.313 716
0.109248 1.50183 2.921 0.668654 15.328 717
0.109198 1.50057 2.91717 0.669747 15.343 718
0.109147 1.49931 2.91334 0.670839 15.358 719
0.109096 1.49806 2.90953 0.67193 15.373 720
0.109045 1.4968 2.90571 0.673021 15.388 721
0.108993 1.49555 2.90191 0.674112 15.403 722
0.108902 1.49428 2.89473 0.675202 15.4179 723
0.108811 1.49302 2.88758 0.676291 15.4328 724
0.10872 1.49176 2.88045 0.677379 15.4478 725
0.108629 1.4905 2.87334 0.678466 15.4627 726
0.108539 1.48924 2.86626 0.679552 15.4776 727
0.108448 1.48798 2.85919 0.680638 15.4925 728
0.108357 1.48672 2.85215 0.681722 15.5074 729
0.108267 1.48547 2.84514 0.682806 15.5222 730
0.108177 1.48421 2.83814 0.683888 15.5371 731
0.108086 1.48296 2.83117 0.68497 15.5519 732
0.107996 1.48171 2.82421 0.686051 15.5668 733
0.107906 1.48046 2.81728 0.687131 15.5816 734
0.107816 1.47921 2.81037 0.68821 15.5964 735
0.107726 1.47796 2.80349 0.689288 15.6112 736
0.107636 1.47672 2.79662 0.690365 15.626 737
0.107546 1.47547 2.78978 0.691442 15.6407 738
0.107457 1.47423 2.78296 0.692517 15.6555 739
0.107367 1.47299 2.77616 0.693592 15.6702 740
0.107278 1.47175 2.76938 0.694665 15.685 741
0.107188 1.47051 2.76262 0.695738 15.6997 742
0.107099 1.46927 2.75588 0.69681 15.7144 743
0.10701 1.46803 2.74916 0.697881 15.7291 744
0.106921 1.4668 2.74247 0.698951 15.7438 745
0.106832 1.46557 2.7358 0.70002 15.7584 746
0.106743 1.46433 2.72914 0.701089 15.7731 747
0.106654 1.4631 2.72251 0.702156 15.7877 748
0.106565 1.46187 2.7159 0.703223 15.8023 749
0.106476 1.46064 2.70931 0.704288 15.817 750
0.106388 1.45942 2.70273 0.705353 15.8316 751
0.106299 1.45819 2.69618 0.706417 15.8462 752
0.106211 1.45697 2.68965 0.70748 15.8608 753
0.106122 1.45574 2.68314 0.708542 15.8753 754
0.106034 1.45452 2.67665 0.709603 15.8899 755
0.105946 1.4533 2.67019 0.710664 15.9044 756
0.105858 1.45208 2.66374 0.711723 15.919 757
0.10577 1.45086 2.65731 0.712782 15.9335 758
0.105682 1.44964 2.6509 0.713839 15.948 759
0.105594 1.44843 2.64451 0.714896 15.9625 760
0.105507 1.44721 2.63814 0.715952 15.977 761
0.105419 1.446 2.63179 0.717007 15.9914 762
0.105331 1.44479 2.62546 0.718061 16.0059 763
0.105244 1.44358 2.61914 0.719115 16.0203 764
0.105157 1.44237 2.61285 0.720167 16.0348 765
0.105069 1.44116 2.60658 0.721219 16.0492 766
0.104982 1.43995 2.60033 0.722269 16.0636 767
0.104895 1.43875 2.59409 0.723319 16.078 768
0.104808 1.43754 2.58788 0.724368 16.0924 769
0.104721 1.43634 2.58168 0.725416 16.1068 770
0.104634 1.43514 2.57551 0.726463 16.1211 771
0.104547 1.43394 2.56935 0.72751 16.1355 772
0.104461 1.43274 2.56321 0.728555 16.1498 773
0.104374 1.43154 2.55709 0.7296 16.1642 774
0.104287 1.43034 2.55099 0.730644 16.1785 775
0.104201 1.42915 2.5449 0.731686 16.1928 776
0.104115 1.42795 2.53884 0.732728 16.2071 777
0.104028 1.42676 2.53279 0.73377 16.2214 778
0.103942 1.42557 2.52677 0.73481 16.2356 779
0.103856 1.42438 2.52076 0.735849 16.2499 780
0.10377 1.42319 2.51477 0.736888 16.2641 781
0.103684 1.422 2.5088 0.737926 16.2784 782
0.103598 1.42081 2.50284 0.738962 16.2926 783
0.103512 1.41963 2.49691 0.739998 16.3068 784
0.103427 1.41844 2.49099 0.741034 16.321 785
0.103341 1.41726 2.48509 0.742068 16.3352 786
0.103256 1.41608 2.47921 0.743101 16.3493 787
0.10317 1.4149 2.47334 0.744134 16.3635 788
0.103085 1.41372 2.4675 0.745165 16.3776 789
0.103 1.41254 2.46167 0.746196 16.3918 790
0.102914 1.41136 2.45586 0.747226 16.4059 791
0.102829 1.41018 2.45006 0.748255 16.42 792
0.102744 1.40901 2.44429 0.749284 16.4341 793
0.102659 1.40784 2.43853 0.750311 16.4482 794
0.102574 1.40666 2.43279 0.751338 16.4623 795
0.102489 1.40549 2.42706 0.752364 16.4764 796
0.102405 1.40432 2.42136 0.753388 16.4904 797
0.10232 1.40315 2.41567 0.754412 16.5045 798
0.102236 1.40198 2.40999 0.755436 16.5185 799
0.102151 1.40082 2.40434 0.756458 16.5325 800
0.102067 1.39965 2.3987 0.75748 16.5465 801
0.101982 1.39849 2.39308 0.7585 16.5605 802
0.101898 1.39732 2.38747 0.75952 16.5745 803
0.101814 1.39616 2.38189 0.760539 16.5885 804
0.10173 1.395 2.37632 0.761557 16.6024 805
0.101646 1.39384 2.37076 0.762574 16.6164 806
0.101562 1.39268 2.36522 0.763591 16.6303 807
0.101478 1.39153 2.3597 0.764607 16.6442 808
0.101394 1.39037 2.3542 0.765621 16.6582 809
0.101311 1.38921 2.34871 0.766635 16.6721 810
0.101227 1.38806 2.34324 0.767648 16.686 811
0.101144 1.38691 2.33778 0.768661 16.6998 812
0.10106 1.38576 2.33234 0.769672 16.7137 813
0.100977 1.38461 2.32692 0.770683 16.7276 814
0.100893 1.38346 2.32152 0.771692 16.7414 815
0.10081 1.38231 2.31612 0.772701 16.7552 816
0.100727 1.38116 2.31075 0.773709 16.7691 817
0.100644 1.38001 2.30539 0.774717 16.7829 818
0.100561 1.37887 2.30005 0.775723 16.7967 819
0.100478 1.37773 2.29472 0.776729 16.8105 820
0.100395 1.37658 2.28941 0.777734 16.8242 821
0.100312 1.37544 2.28412 0.778737 16.838 822
0.10023 1.3743 2.27884 0.779741 16.8518 823
0.100147 1.37316 2.27357 0.780743 16.8655 824
0.100065 1.37202 2.26832 0.781744 16.8792 825
0.0999822 1.37089 2.26309 0.782745 16.893 826
0.0998998 1.36975 2.25787 0.783745 16.9067 827
0.0998175 1.36862 2.25267 0.784744 16.9204 828
0.0997353 1.36748 2.24749 0.785742 16.9341 829
0.0996532 1.36635 2.24231 0.786739 16.9477 830
0.0995711 1.36522 2.23716 0.787736 16.9614 831
0.0994891 1.36409 2.23202 0.788732 16.975 832
0.0994072 1.36296 2.22689 0.789727 16.9887 833
0.0993253 1.36183 2.22178 0.790721 17.0023 834
0.0992436 1.3607 2.21668 0.791714 17.0159 835
0.0991619 1.35958 2.2116 0.792706 17.0295 836
0.0990803 1.35845 2.20654 0.793698 17.0431 837
0.0989987 1.35733 2.20149 0.794689 17.0567 838
0.0989172 1.3562 2.19645 0.795679 17.0703 839
0.0988358 1.35508 2.19143 0.796668 17.0839 840
0.0987545 1.35396 2.18642 0.797656 17.0974 841
0.0986733 1.35284 2.18143 0.798644 17.1109 842
0.0985921 1.35172 2.17645 0.799631 17.1245 843
0.098511 1.35061 2.17149 0.800616 17.138 844
0.09843 1.34949 2.16654 0.801602 17.1515 845
0.098349 1.34837 2.16161 0.802586 17.165 846
0.0982681 1.34726 2.15669 0.803569 17.1785 847
0.0981873 1.34615 2.15178 0.804552 17.1919 848
0.0981066 1.34503 2.14689 0.805534 17.2054 849
0.0980259 1.34392 2.14202 0.806515 17.2189 850
0.0979453 1.34281 2.13715 0.807495 17.2323 851
0.0978648 1.3417 2.13231 0.808475 17.2457 852
0.0977844 1.3406 2.12747 0.809453 17.2591 853
0.097704 1.33949 2.12265 0.810431 17.2725 854
0.0976237 1.33838 2.11784 0.811408 17.2859 855
0.0975435 1.33728 2.11305 0.812384 17.2993 856
0.0974633 1.33618 2.10827 0.81336 17.3127 857
0.0973832 1.33507 2.10351 0.814334 17.3261 858
0.0973032 1.33397 2.09876 0.815308 17.3394 859
0.0972233 1.33287 2.09402 0.816281 17.3528 860
0.0971434 1.33177 2.0893 0.817254 17.3661 861
0.0970636 1.33067 2.08459 0.818225 17.3794 862
0.0969839 1.32957 2.07989 0.819196 17.3927 863
0.0969042 1.32848 2.07521 0.820165 17.406 864
0.0968247 1.32738 2.07054 0.821135 17.4193 865
0.0967452 1.32629 2.06588 0.822103 17.4326 866
0.0966657 1.32519 2.06124 0.82307 17.4458 867
0.0965863 1.3241 2.05661 0.824037 17.4591 868
0.096507 1.32301 2.052 0.825003 17.4723 869
0.0964278 1.32192 2.0474 0.825968 17.4855 870
0.0963487 1.32083 2.04281 0.826932 17.4988 871
0.0962696 1.31974 2.03823 0.827896 17.512 872
0.0961905 1.31866 2.03367 0.828858 17.5252 873
0.0961116 1.31757 2.02912 0.82982 17.5384 874
0.0960327 1.31648 2.02458 0.830781 17.5515 875
0.0959539 1.3154 2.02006 0.831742 17.5647 876
0.0958752 1.31432 2.01555 0.832701 17.5779 877
0.0957965 1.31323 2.01105 0.83366 17.591 878
0.0957179 1.31215 2.00656 0.834618 17.6041 879
0.0956394 1.31107 2.00209 0.835575 17.6172 880
0.0955609 1.30999 1.99763 0.836531 17.6304 881
0.0954825 1.30891 1.99319 0.837487 17.6435 882
0.0954042 1.30784 1.98875 0.838442 17.6565 883
0.0953259 1.30676 1.98433 0.839396 17.6696 884
0.0952477 1.30569 1.97992 0.840349 17.6827 885
0.0951696 1.30461 1.97552 0.841302 17.6958 886
0.0950915 1.30354 1.97114 0.842253 17.7088 887
0.0950136 1.30247 1.96677 0.843204 17.7218 888
0.0949356 1.30139 1.96241 0.844154 17.7349 889
0.0948578 1.30032 1.95806 0.845104 17.7479 890
0.09478 1.29925 1.95373 0.846052 17.7609 891
0.0947023 1.29819 1.94941 0.847 17.7739 892
0.0946247 1.29712 1.9451 0.847947 17.7868 893
0.0945471 1.29605 1.9408 0.848893 17.7998 894
0.0944696 1.29499 1.93652 0.849839 17.8128 895
0.0943921 1.29392 1.93224 0.850784 17.8257 896
0.0943147 1.29286 1.92798 0.851728 17.8387 897
0.0942374 1.2918 1.92373 0.852671 17.8516 898
0.0941602 1.29073 1.91949 0.853613 17.8645 899
0.094083 1.28967 1.91527 0.854555 17.8774 900
0.0940059 1.28861 1.91106 0.855495 17.8903 901
0.0939289 1.28755 1.90685 0.856436 17.9032 902
0.0938519 1.2865 1.90266 0.857375 17.9161 903
0.093775 1.28544 1.89849 0.858313 17.9289 904
0.0936981 1.28438 1.89432 0.859251 17.9418 905
0.0936214 1.28333 1.89017 0.860188 17.9546 906
0.0935446 1.28227 1.88602 0.861124 17.9675 907
0.093468 1.28122 1.88189 0.86206 17.9803 908
0.0933914 1.28017 1.87777 0.862994 17.9931 909
0.0933149 1.27912 1.87366 0.863928 18.0059 910
0.0932384 1.27807 1.86957 0.864861 18.0187 911
0.0931621 1.27702 1.86548 0.865794 18.0315 912
0.0930857 1.27597 1.86141 0.866725 18.0443 913
0.0930095 1.27492 1.85735 0.867656 18.057 914
0.0929333 1.27387 1.8533 0.868586 18.0698 915
0.0928572 1.27283 1.84926 0.869516 18.0825 916
0.0927811 1.27178 1.84523 0.870444 18.0952 917
0.0927051 1.27074 1.84121 0.871372 18.108 918
0.0926292 1.2697 1.83721 0.872299 18.1207 919
0.0925533 1.26866 1.83321 0.873225 18.1334 920
0.0924775 1.26761 1.82923 0.874151 18.146 921
0.0924018 1.26657 1.82525 0.875076 18.1587 922
0.0923261 1.26554 1.82129 0.876 18.1714 923
0.0922505 1.2645 1.81734 0.876923 18.184 924
0.0921749 1.26346 1.8134 0.877846 18.1967 925
0.0920995 1.26242 1.80947 0.878767 18.2093 926
0.092024 1.26139 1.80556 0.879688 18.2219 927
0.0919487 1.26035 1.80165 0.880609 18.2346 928
0.0918734 1.25932 1.79775 0.881528 18.2472 929
0.0917982 1.25829 1.79387 0.882447 18.2598 930
0.091723 1.25725 1.78999 0.883365 18.2723 931
0.0916479 1.25622 1.78613 0.884282 18.2849 932
0.0915729 1.25519 1.78228 0.885198 18.2975 933
0.0914979 1.25416 1.77843 0.886114 18.31 934
0.091423 1.25314 1.7746 0.887029 18.3226 935
0.0913481 1.25211 1.77078 0.887943 18.3351 936
0.0912733 1.25108 1.76697 0.888857 18.3476 937
0.0911986 1.25006 1.76317 0.88977 18.3601 938
0.0911239 1.24903 1.75938 0.890682 18.3726 939
0.0910493 1.24801 1.7556 0.891593 18.3851 940
0.0909748 1.24699 1.75183 0.892503 18.3976 941
0.0909003 1.24596 1.74807 0.893413 18.4101 942
0.0908259 1.24494 1.74432 0.894322 18.4225 943
0.0907516 1.24392 1.74059 0.89523 18.435 944
0.0906773 1.2429 1.73686 0.896138 18.4474 945
0.090603 1.24188 1.73314 0.897045 18.4598 946
0.0905289 1.24087 1.72943 0.897951 18.4723 947
0.0904547 1.23985 1.72574 0.898856 18.4847 948
0.0903807 1.23883 1.72205 0.899761 18.4971 949
0.0903067 1.23782 1.71837 0.900664 18.5095 950
0.0902328 1.2368 1.7147 0.901567 18.5218 951
0.0901589 1.23579 1.71105 0.90247 18.5342 952
0.0900851 1.23478 1.7074 0.903371 18.5466 953
0.0900114 1.23377 1.70376 0.904272 18.5589 954
0.0899377 1.23276 1.70014 0.905172 18.5712 955
0.0898641 1.23175 1.69652 0.906072 18.5836 956
0.0897905 1.23074 1.69291 0.90697 18.5959 957
0.089717 1.22973 1.68931 0.907868 18.6082 958
0.0896436 1.22872 1.68573 0.908765 18.6205 959
0.0895702 1.22772 1.68215 0.909662 18.6328 960
0.0894969 1.22671 1.67858 0.910557 18.6451 961
0.0894236 1.22571 1.67502 0.911452 18.6573 962
0.0893504 1.2247 1.67147 0.912347 18.6696 963
0.0892773 1.2237 1.66793 0.91324 18.6818 964
0.0892042 1.2227 1.6644 0.914133 18.6941 965
0.0891312 1.2217 1.66088 0.915025 18.7063 966
0.0890582 1.22069 1.65737 0.915916 18.7185 967
0.0889853 1.2197 1.65387 0.916807 18.7307 968
0.0889125 1.2187 1.65038 0.917697 18.7429 969
0.0888397 1.2177 1.6469 0.918586 18.7551 970
0.088767 1.2167 1.64342 0.919474 18.7673 971
0.0886943 1.21571 1.63996 0.920362 18.7795 972
0.0886217 1.21471 1.6365 0.921249 18.7916 973
0.0885492 1.21372 1.63306 0.922135 18.8038 974
0.0884767 1.21272 1.62962 0.923021 18.8159 975
0.0884043 1.21173 1.6262 0.923905 18.828 976
0.0883319 1.21074 1.62278 0.924789 18.8401 977
0.0882596 1.20975 1.61937 0.925673 18.8522 978
0.0881873 1.20876 1.61597 0.926555 18.8643 979
0.0881151 1.20777 1.61258 0.927437 18.8764 980
0.088043 1.20678 1.6092 0.928318 18.8885 981
0.0879709 1.20579 1.60583 0.929199 18.9006 982
0.0878989 1.2048 1.60247 0.930079 18.9126 983
0.0878269 1.20382 1.59911 0.930957 18.9247 984
0.087755 1.20283 1.59577 0.931836 18.9367 985
0.0876832 1.20185 1.59243 0.932713 18.9487 986
0.0876114 1.20086 1.58911 0.93359 18.9608 987
0.0875396 1.19988 1.58579 0.934466 18.9728 988
0.087468 1.1989 1.58248 0.935342 18.9848 989
0.0873963 1.19792 1.57918 0.936216 18.9968 990
0.0873248 1.19693 1.57589 0.93709 19.0087 991
0.0872533 1.19596 1.57261 0.937964 19.0207 992
0.0871818 1.19498 1.56933 0.938836 19.0327 993
0.0871104 1.194 1.56607 0.939708 19.0446 994
0.0870391 1.19302 1.56281 0.940579 19.0566 995
0.0869678 1.19204 1.55956 0.941449 19.0685 996
0.0868966 1.19107 1.55632 0.942319 19.0804 997
0.0868254 1.19009 1.55309 0.943188 19.0923 998
0.0867543 1.18912 1.54987 0.944056 19.1042 999
0.0866833 1.18815 1.54666 0.944924 19.1161 1000
0.0866123 1.18717 1.54345 0.945791 19.128 1001
0.0865413 1.1862 1.54025 0.946657 19.1399 1002
0.0864704 1.18523 1.53707 0.947522 19.1517 1003
0.0863996 1.18426 1.53389 0.948387 19.1636 1004
0.0863288 1.18329 1.53072 0.949251 19.1754 1005
0.0862581 1.18232 1.52755 0.950114 19.1873 1006
0.0861875 1.18136 1.5244 0.950977 19.1991 1007
0.0861169 1.18039 1.52125 0.951839 19.2109 1008
0.0860463 1.17942 1.51811 0.9527 19.2227 1009
0.0859758 1.17846 1.51498 0.95356 19.2345 1010
0.0859054 1.17749 1.51186 0.95442 19.2463 1011
0.085835 1.17653 1.50875 0.955279 19.2581 1012
0.0857647 1.17557 1.50565 0.956137 19.2698 1013
0.0856944 1.1746 1.50255 0.956995 19.2816 1014
0.0856242 1.17364 1.49946 0.957852 19.2933 1015
0.085554 1.17268 1.49638 0.958708 19.3051 1016
0.0854839 1.17172 1.49331 0.959564 19.3168 1017
0.0854138 1.17076 1.49024 0.960419 19.3285 1018
0.0853438 1.1698 1.48719 0.961273 19.3402 1019
0.0852739 1.16885 1.48414 0.962126 19.3519 1020
0.085204 1.16789 1.4811 0.962979 19.3636 1021
0.0851342 1.16693 1.47807 0.963831 19.3753 1022
0.0850644 1.16598 1.47504 0.964682 19.3869 1023
0.0849946 1.16502 1.47202 0.965533 19.3986 1024
0.084925 1.16407 1.46902 0.966383 19.4103 1025
0.0848553 1.16312 1.46601 0.967232 19.4219 1026
0.0847858 1.16216 1.46302 0.968081 19.4335 1027
0.0847163 1.16121 1.46004 0.968929 19.4451 1028
0.0846468 1.16026 1.45706 0.969776 19.4568 1029
0.0845774 1.15931 1.45409 0.970622 19.4684 1030
0.084508 1.15836 1.45113 0.971468 19.48 1031
0.0844387 1.15741 1.44817 0.972313 19.4915 1032
0.0843695 1.15647 1.44523 0.973157 19.5031 1033
0.0843003 1.15552 1.44229 0.974001 19.5147 1034
0.0842312 1.15457 1.43936 0.974844 19.5262 1035
0.0841621 1.15363 1.43643 0.975686 19.5378 1036
0.084093 1.15268 1.43352 0.976528 19.5493 1037
0.0840241 1.15174 1.43061 0.977369 19.5608 1038
0.0839551 1.15079 1.42771 0.978209 19.5724 1039
0.0838863 1.14985 1.42481 0.979049 19.5839 1040
0.0838174 1.14891 1.42193 0.979888 19.5954 1041
0.0837487 1.14797 1.41905 0.980726 19.6069 1042
0.08368 1.14703 1.41618 0.981563 19.6183 1043
0.0836113 1.14609 1.41332 0.9824 19.6298 1044
0.0835427 1.14515 1.41046 0.983236 19.6413 1045
0.0834741 1.14421 1.40761 0.984072 19.6527 1046
0.0834056 1.14328 1.40477 0.984906 19.6642 1047
0.0833372 1.14234 1.40194 0.98574 19.6756 1048
0.0832687 1.1414 1.39911 0.986574 19.687 1049
0.0832004 1.14047 1.39629 0.987407 19.6984 1050
0.0831321 1.13953 1.39348 0.988239 19.7098 1051
0.0830638 1.1386 1.39067 0.98907 19.7212 1052
0.0829956 1.13767 1.38787 0.989901 19.7326 1053
0.0829275 1.13673 1.38508 0.99073 19.744 1054
0.0828594 1.1358 1.3823 0.99156 19.7554 1055
0.0827914 1.13487 1.37952 0.992388 19.7667 1056
0.0827234 1.13394 1.37675 0.993216 19.7781 1057
0.0826554 1.13301 1.37399 0.994043 19.7894 1058
0.0825875 1.13208 1.37124 0.99487 19.8007 1059
0.0825197 1.13116 1.36849 0.995696 19.8121 1060
0.0824519 1.13023 1.36575 0.996521 19.8234 1061
0.0823842 1.1293 1.36301 0.997346 19.8347 1062
0.0823165 1.12838 1.36029 0.998169 19.846 1063
0.0822489 1.12745 1.35757 0.998993 19.8572 1064
0.0821813 1.12653 1.35485 0.999815 19.8685 1065
0.0821137 1.1256 1.35215 1.00064 19.8798 1066
0.0820463 1.12468 1.34945 1.00146 19.891 1067
0.0819788 1.12376 1.34676 1.00228 19.9023 1068
0.0819114 1.12284 1.34407 1.0031 19.9135 1069
0.0818441 1.12192 1.34139 1.00392 19.9248 1070
0.0817768 1.121 1.33872 1.00474 19.936 1071
0.0817096 1.12008 1.33605 1.00555 19.9472 1072
0.0816424 1.11916 1.3334 1.00637 19.9584 1073
0.0815753 1.11824 1.33074 1.00719 19.9696 1074
0.0815082 1.11732 1.3281 1.008 19.9808 1075
0.0814412 1.11641 1.32546 1.00882 19.9919 1076
0.0813742 1.11549 1.32283 1.00963 20.0031 1077
0.0813073 1.11458 1.3202 1.01045 20.0142 1078
0.0812404 1.11366 1.31759 1.01126 20.0254 1079
0.0811735 1.11275 1.31498 1.01207 20.0365 1080
0.0811068 1.11184 1.31237 1.01288 20.0477 1081
0.08104 1.11092 1.30977 1.01369 20.0588 1082
0.0809733 1.11001 1.30718 1.0145 20.0699 1083
0.0809067 1.1091 1.3046 1.01531 20.081 1084
0.0808401 1.10819 1.30202 1.01612 20.0921 1085
0.0807736 1.10728 1.29944 1.01693 20.1032 1086
0.0807071 1.10637 1.29688 1.01774 20.1142 1087
0.0806407 1.10546 1.29432 1.01855 20.1253 1088
0.0805743 1.10456 1.29177 1.01935 20.1363 1089
0.0805079 1.10365 1.28922 1.02016 20.1474 1090
0.0804416 1.10274 1.28668 1.02096 20.1584 1091
0.0803754 1.10184 1.28415 1.02177 20.1695 1092
0.0803092 1.10093 1.28162 1.02257 20.1805 1093
0.080243 1.10003 1.2791 1.02338 20.1915 1094
0.0801769 1.09913 1.27658 1.02418 20.2025 1095
0.0801109 1.09822 1.27408 1.02498 20.2135 1096
0.0800449 1.09732 1.27157 1.02578 20.2245 1097
0.0799789 1.09642 1.26908 1.02658 20.2354 1098
0.079913 1.09552 1.26659 1.02738 20.2464 1099
0.0798471 1.09462 1.2641 1.02818 20.2574 1100
0.0797813 1.09372 1.26163 1.02898 20.2683 1101
0.0797156 1.09282 1.25916 1.02978 20.2792 1102
0.0796499 1.09192 1.25669 1.03057 20.2902 1103
0.0795842 1.09102 1.25423 1.03137 20.3011 1104
0.0795186 1.09013 1.25178 1.03217 20.312 1105
0.079453 1.08923 1.24933 1.03296 20.3229 1106
0.0793875 1.08834 1.24689 1.03376 20.3338 1107
0.079322 1.08744 1.24446 1.03455 20.3447 1108
0.0792566 1.08655 1.24203 1.03534 20.3555 1109
0.0791912 1.08565 1.23961 1.03614 20.3664 1110
0.0791258 1.08476 1.23719 1.03693 20.3773 1111
0.0790605 1.08387 1.23478 1.03772 20.3881 1112
0.0789953 1.08298 1.23238 1.03851 20.399 1113
0.0789301 1.08209 1.22998 1.0393 20.4098 1114
0.078865 1.0812 1.22759 1.04009 20.4206 1115
0.0787999 1.08031 1.2252 1.04088 20.4314 1116
0.0787348 1.07942 1.22282 1.04166 20.4422 1117
0.0786698 1.07853 1.22045 1.04245 20.453 1118
0.0786048 1.07764 1.21808 1.04324 20.4638 1119
0.0785399 1.07676 1.21572 1.04402 20.4746 1120
0.078475 1.07587 1.21336 1.04481 20.4853 1121
0.0784102 1.07498 1.21101 1.0456 20.4961 1122
0.0783454 1.0741 1.20866 1.04638 20.5069 1123
0.0782807 1.07322 1.20633 1.04716 20.5176 1124
0.078216 1.07233 1.20399 1.04795 20.5283 1125
0.0781514 1.07145 1.20166 1.04873 20.539 1126
0.0780868 1.07057 1.19934 1.04951 20.5498 1127
0.0780222 1.06968 1.19703 1.05029 20.5605 1128
0.0779577 1.0688 1.19471 1.05107 20.5712 1129
0.0778933 1.06792 1.19241 1.05185 20.5819 1130
0.0778289 1.06704 1.19011 1.05263 20.5925 1131
0.0777645 1.06616 1.18782 1.05341 20.6032 1132
0.0777002 1.06529 1.18553 1.05418 20.6139 1133
0.0776359 1.06441 1.18325 1.05496 20.6245 1134
0.0775717 1.06353 1.18097 1.05574 20.6352 1135
0.0775075 1.06265 1.1787 1.05651 20.6458 1136
0.0774434 1.06178 1.17643 1.05729 20.6564 1137
0.0773793 1.0609 1.17417 1.05806 20.667 1138
0.0773152 1.06003 1.17192 1.05884 20.6777 1139
0.0772512 1.05915 1.16967 1.05961 20.6883 1140
0.0771873 1.05828 1.16742 1.06038 20.6988 1141
0.0771234 1.05741 1.16519 1.06115 20.7094 1142
0.0770595 1.05654 1.16295 1.06193 20.72 1143
0.0769957 1.05566 1.16073 1.0627 20.7306 1144
0.0769319 1.05479 1.1585 1.06347 20.7411 1145
0.0768682 1.05392 1.15629 1.06424 20.7517 1146
0.0768045 1.05305 1.15408 1.065 20.7622 1147
0.0767408 1.05218 1.15187 1.06577 20.7727 1148
0.0766772 1.05132 1.14967 1.06654 20.7833 1149
0.0766137 1.05045 1.14747 1.06731 20.7938 1150
0.0765502 1.04958 1.14529 1.06807 20.8043 1151
0.0764867 1.04871 1.1431 1.06884 20.8148 1152
0.0764233 1.04785 1.14092 1.0696 20.8253 1153
0.0763599 1.04698 1.13875 1.07037 20.8357 1154
0.0762966 1.04612 1.13658 1.07113 20.8462 1155
0.0762333 1.04525 1.13442 1.07189 20.8567 1156
0.07617 1.04439 1.13226 1.07266 20.8671 1157
0.0761069 1.04353 1.13011 1.07342 20.8776 1158
0.0760437 1.04267 1.12796 1.07418 20.888 1159
0.0759806 1.0418 1.12582 1.07494 20.8984 1160
0.0759175 1.04094 1.12368 1.0757 20.9088 1161
0.0758545 1.04008 1.12155 1.07646 20.9193 1162
0.0757915 1.03922 1.11942 1.07722 20.9297 1163
0.0757286 1.03836 1.1173 1.07797 20.94 1164
0.0756657 1.03751 1.11518 1.07873 20.9504 1165
0.0756028 1.03665 1.11307 1.07949 20.9608 1166
0.07554 1.03579 1.11096 1.08024 20.9712 1167
0.0754772 1.03493 1.10886 1.081 20.9815 1168
0.0754145 1.03408 1.10677 1.08176 20.9919 1169
0.0753518 1.03322 1.10467 1.08251 21.0022 1170
0.0752892 1.03237 1.10259 1.08326 21.0126 1171
0.0752266 1.03151 1.10051 1.08402 21.0229 1172
0.075164 1.03066 1.09843 1.08477 21.0332 1173
0.0751015 1.0298 1.09636 1.08552 21.0435 1174
0.0750391 1.02895 1.09429 1.08627 21.0538 1175
0.0749766 1.0281 1.09223 1.08702 21.0641 1176
0.0749143 1.02725 1.09017 1.08777 21.0744 1177
0.0748519 1.0264 1.08812 1.08852 21.0846 1178
0.0747896 1.02555 1.08608 1.08927 21.0949 1179
0.0747274 1.0247 1.08403 1.09002 21.1052 1180
0.0746652 1.02385 1.082 1.09076 21.1154 1181
0.074603 1.023 1.07997 1.09151 21.1256 1182
0.0745409 1.02215 1.07794 1.09226 21.1359 1183
0.0744788 1.02131 1.07592 1.093 21.1461 1184
0.0744167 1.02046 1.0739 1.09375 21.1563 1185
0.0743547 1.01961 1.07189 1.09449 21.1665 1186
0.0742928 1.01877 1.06988 1.09523 21.1767 1187
0.0742309 1.01792 1.06788 1.09598 21.1869 1188
0.074169 1.01708 1.06588 1.09672 21.1971 1189
0.0741072 1.01623 1.06388 1.09746 21.2072 1190
0.0740454 1.01539 1.06189 1.0982 21.2174 1191
0.0739836 1.01455 1.05991 1.09894 21.2276 1192
0.0739219 1.01371 1.05793 1.09968 21.2377 1193
0.0738602 1.01286 1.05596 1.10042 21.2478 1194
0.0737986 1.01202 1.05399 1.10116 21.258 1195
0.073737 1.01118 1.05202 1.1019 21.2681 1196
0.0736755 1.01034 1.05006 1.10264 21.2782 1197
0.073614 1.0095 1.0481 1.10337 21.2883 1198
0.0735525 1.00867 1.04615 1.10411 21.2984 1199
0.0734911 1.00783 1.0442 1.10484 21.3085 1200
0.0734297 1.00699 1.04226 1.10558 21.3186 1201
0.0733684 1.00615 1.04032 1.10631 21.3286 1202
0.0733071 1.00532 1.03839 1.10705 21.3387 1203
0.0732459 1.00448 1.03646 1.10778 21.3488 1204
0.0731846 1.00365 1.03454 1.10851 21.3588 1205
0.0731235 1.00281 1.03262 1.10924 21.3688 1206
0.0730623 1.00198 1.0307 1.10998 21.3789 1207
0.0730012 1.00114 1.02879 1.11071 21.3889 1208
0.0729402 1.00031 1.02689 1.11144 21.3989 1209
0.0728792 0.999478 1.02499 1.11217 21.4089 1210
0.0728182 0.998646 1.02309 1.11289 21.4189 1211
0.0727573 0.997815 1.0212 1.11362 21.4289 1212
0.0726964 0.996985 1.01931 1.11435 21.4389 1213
0.072632 0.996044 1.01898 1.11508 21.4488 1214
0.0725677 0.995104 1.01865 1.1158 21.4588 1215
0.0725034 0.994164 1.01833 1.11653 21.4687 1216
0.0724392 0.993224 1.01801 1.11725 21.4787 1217
0.072375 0.992285 1.01769 1.11798 21.4886 1218
0.0723108 0.991346 1.01738 1.1187 21.4985 1219
0.0722467 0.990408 1.01707 1.11943 21.5085 1220
0.0721827 0.98947 1.01676 1.12015 21.5184 1221
0.0721187 0.988532 1.01645 1.12087 21.5283 1222
0.0720548 0.987595 1.01614 1.12159 21.5381 1223
0.0719909 0.986658 1.01584 1.12231 21.548 1224
0.071927 0.985721 1.01554 1.12303 21.5579 1225
0.0718632 0.984785 1.01524 1.12375 21.5677 1226
0.0717994 0.983849 1.01495 1.12447 21.5776 1227
0.0717357 0.982913 1.01466 1.12519 21.5874 1228
0.0716721 0.981978 1.01437 1.1259 21.5973 1229
0.0716084 0.981043 1.01408 1.12662 21.6071 1230
0.0715449 0.980108 1.0138 1.12734 21.6169 1231
0.0714813 0.979174 1.01352 1.12805 21.6267 1232
0.0714179 0.97824 1.01324 1.12877 21.6365 1233
0.0713544 0.977306 1.01296 1.12948 21.6463 1234
0.0712911 0.976373 1.01269 1.1302 21.656 1235
0.0712277 0.97544 1.01241 1.13091 21.6658 1236
0.0711644 0.974507 1.01214 1.13162 21.6755 1237
0.0711012 0.973575 1.01188 1.13233 21.6853 1238
0.071038 0.972643 1.01161 1.13304 21.695 1239
0.0709748 0.971711 1.01135 1.13375 21.7048 1240
0.0709117 0.97078 1.01109 1.13446 21.7145 1241
0.0708487 0.969849 1.01084 1.13517 21.7242 1242
0.0707857 0.968919 1.01058 1.13588 21.7339 1243
0.0707227 0.967988 1.01033 1.13659 21.7436 1244
0.0706598 0.967059 1.01008 1.1373 21.7532 1245
0.0705969 0.966129 1.00983 1.138 21.7629 1246
0.0705341 0.9652 1.00959 1.13871 21.7726 1247
0.0704713 0.964271 1.00935 1.13941 21.7822 1248
0.0704086 0.963342 1.00911 1.14012 21.7919 1249
0.0703459 0.962414 1.00887 1.14082 21.8015 1250
0.0702832 0.961486 1.00863 1.14153 21.8111 1251
0.0702207 0.960559 1.0084 1.14223 21.8207 1252
0.0701581 0.959631 1.00817 1.14293 21.8304 1253
0.0700956 0.958705 1.00794 1.14363 21.8399 1254
0.0700331 0.957778 1.00772 1.14433 21.8495 1255
0.0699707 0.956852 1.00749 1.14503 21.8591 1256
0.0699084 0.955926 1.00727 1.14573 21.8687 1257
0.0698461 0.955 1.00706 1.14643 21.8782 1258
0.0697838 0.954075 1.00684 1.14713 21.8878 1259
0.0697216 0.95315 1.00663 1.14783 21.8973 1260
0.0696594 0.952226 1.00641 1.14853 21.9069 1261
0.0695972 0.951301 1.0062 1.14922 21.9164 1262
0.0695352 0.950377 1.006 1.14992 21.9259 1263
0.0694731 0.949454 1.00579 1.15061 21.9354 1264
0.0694111 0.94853 1.00559 1.15131 21.9449 1265
0.0693491 0.947607 1.00539 1.152 21.9544 1266
0.0692872 0.946685 1.00519 1.1527 21.9639 1267
0.0692254 0.945763 1.005 1.15339 21.9733 1268
0.0691636 0.944841 1.00481 1.15408 21.9828 1269
0.0691018 0.943919 1.00462 1.15477 21.9922 1270
0.0690401 0.942998 1.00443 1.15546 22.0017 1271
0.0689784 0.942077 1.00424 1.15615 22.0111 1272
0.0689167 0.941156 1.00406 1.15684 22.0205 1273
0.0688551 0.940236 1.00388 1.15753 22.0299 1274
0.0687936 0.939316 1.0037 1.15822 22.0393 1275
0.0687321 0.938396 1.00352 1.15891 22.0487 1276
0.0686706 0.937476 1.00334 1.1596 22.0581 1277
0.0686092 0.936557 1.00317 1.16028 22.0675 1278
0.0685479 0.935639 1.003 1.16097 22.0769 1279
0.0684865 0.93472 1.00283 1.16166 22.0862 1280
0.0684253 0.933802 1.00267 1.16234 22.0956 1281
0.068364 0.932884 1.0025 1.16302 22.1049 1282
0.0683028 0.931967 1.00234 1.16371 22.1142 1283
0.0682417 0.93105 1.00218 1.16439 22.1235 1284
0.0681806 0.930133 1.00202 1.16507 22.1329 1285
0.0681195 0.929216 1.00187 1.16576 22.1422 1286
0.0680585 0.9283 1.00172 1.16644 22.1514 1287
0.0679976 0.927384 1.00157 1.16712 22.1607 1288
0.0679366 0.926469 1.00142 1.1678 22.17 1289
0.0678758 0.925554 1.00127 1.16848 22.1793 1290
0.0678149 0.924639 1.00113 1.16916 22.1885 1291
0.0677541 0.923724 1.00098 1.16983 22.1978 1292
0.0676934 0.92281 1.00084 1.17051 22.207 1293
0.0676327 0.921896 1.00071 1.17119 22.2162 1294
0.067572 0.920982 1.00057 1.17186 22.2255 1295
0.0675114 0.920069 1.00044 1.17254 22.2347 1296
0.0674509 0.919156 1.0003 1.17322 22.2439 1297
0.0673903 0.918243 1.00017 1.17389 22.2531 1298
0.0673299 0.91733 1.00005 1.17456 22.2622 1299
0.0672694 0.916418 0.999921 1.17524 22.2714 1300
0.067209 0.915507 0.999798 1.17591 22.2806 1301
0.0671487 0.914595 0.999676 1.17658 22.2897 1302
0.0670884 0.913684 0.999557 1.17725 22.2989 1303
0.0670281 0.912773 0.99944 1.17792 22.308 1304
0.0669679 0.911862 0.999325 1.17859 22.3171 1305
0.0669077 0.910952 0.999212 1.17926 22.3263 1306
0.0668476 0.910042 0.999101 1.17993 22.3354 1307
0.0667875 0.909133 0.998992 1.1806 22.3445 1308
0.0667275 0.908223 0.998885 1.18127 22.3536 1309
0.0666675 0.907314 0.99878 1.18194 22.3626 1310
0.0666075 0.906406 0.998677 1.1826 22.3717 1311
0.0665476 0.905497 0.998576 1.18327 22.3808 1312
0.0664877 0.904589 0.998477 1.18394 22.3898 1313
0.0664279 0.903681 0.99838 1.1846 22.3989 1314
0.0663681 0.902774 0.998285 1.18526 22.4079 1315
0.0663084 0.901867 0.998192 1.18593 22.4169 1316
0.0662487 0.90096 0.998101 1.18659 22.426 1317
0.0661891 0.900053 0.998012 1.18725 22.435 1318
0.0661295 0.899147 0.997924 1.18792 22.444 1319
0.0660699 0.898241 0.997839 1.18858 22.453 1320
0.0660104 0.897335 0.997756 1.18924 22.4619 1321
0.0659509 0.89643 0.997675 1.1899 22.4709 1322
0.0658915 0.895525 0.997595 1.19056 22.4799 1323
0.0658321 0.89462 0.997518 1.19122 22.4888 1324
0.0657727 0.893716 0.997443 1.19187 22.4978 1325
0.0657134 0.892812 0.997369 1.19253 22.5067 1326
0.0656542 0.891908 0.997297 1.19319 22.5157 1327
0.0655949 0.891004 0.997228 1.19385 22.5246 1328
0.0655358 0.890101 0.99716 1.1945 22.5335 1329
0.0654766 0.889198 0.997094 1.19516 22.5424 1330
0.0654176 0.888295 0.99703 1.19581 22.5513 1331
0.0653585 0.887393 0.996968 1.19647 22.5602 1332
0.0652995 0.886491 0.996907 1.19712 22.569 1333
0.0652405 0.885589 0.996849 1.19777 22.5779 1334
0.0651816 0.884688 0.996792 1.19842 22.5868 1335
0.0651228 0.883787 0.996738 1.19908 22.5956 1336
0.0650639 0.882886 0.996685 1.19973 22.6044 1337
0.0650051 0.881985 0.996634 1.20038 22.6133 1338
0.0649464 0.881085 0.996585 1.20103 22.6221 1339
0.0648877 0.880185 0.996537 1.20168 22.6309 1340
0.064829 0.879285 0.996492 1.20233 22.6397 1341
0.0647704 0.878386 0.996448 1.20298 22.6485 1342
0.0647118 0.877487 0.996406 1.20362 22.6573 1343
0.0646533 0.876588 0.996366 1.20427 22.6661 1344
0.0645948 0.87569 0.996328 1.20492 22.6748 1345
0.0645364 0.874791 0.996291 1.20556 22.6836 1346
0.064478 0.873893 0.996257 1.20621 22.6923 1347
0.0644196 0.872996 0.996224 1.20685 22.7011 1348
0.0643613 0.872099 0.996193 1.2075 22.7098 1349
0.064303 0.871202 0.996163 1.20814 22.7185 1350
0.0642447 0.870305 0.996136 1.20878 22.7272 1351
0.0641866 0.869408 0.99611 1.20943 22.7359 1352
0.0641284 0.868512 0.996086 1.21007 22.7446 1353
0.0640703 0.867616 0.996063 1.21071 22.7533 1354
0.0640122 0.866721 0.996043 1.21135 22.762 1355
0.0639542 0.865825 0.996024 1.21199 22.7706 1356
0.0638962 0.86493 0.996007 1.21263 22.7793 1357
0.0638383 0.864036 0.995991 1.21327 22.788 1358
0.0637804 0.863141 0.995978 1.21391 22.7966 1359
0.0637225 0.862247 0.995966 1.21454 22.8052 1360
0.0636647 0.861353 0.995956 1.21518 22.8139 1361
0.0636069 0.86046 0.995947 1.21582 22.8225 1362
0.0635492 0.859567 0.99594 1.21645 22.8311 1363
0.0634915 0.858674 0.995935 1.21709 22.8397 1364
0.0634339 0.857781 0.995931 1.21773 22.8483 1365
0.0633763 0.856888 0.995929 1.21836 22.8568 1366
0.0633187 0.855996 0.995929 1.21899 22.8654 1367
0.0632612 0.855104 0.995931 1.21963 22.874 1368
0.0632037 0.854213 0.995934 1.22026 22.8825 1369
0.0631463 0.853322 0.995939 1.22089 22.8911 1370
0.0630889 0.852431 0.995945 1.22152 22.8996 1371
0.0630315 0.85154 0.995953 1.22215 22.9081 1372
0.0629742 0.85065 0.995963 1.22278 22.9166 1373
0.0629169 0.849759 0.995974 1.22341 22.9251 1374
0.0628597 0.84887 0.995987 1.22404 22.9336 1375
0.0628025 0.84798 0.996002 1.22467 22.9421 1376
0.0627454 0.847091 0.996018 1.2253 22.9506 1377
0.0626883 0.846202 0.996035 1.22593 22.9591 1378
0.0626312 0.845313 0.996055 1.22655 22.9675 1379
0.0625742 0.844425 0.996076 1.22718 22.976 1380
0.0625172 0.843536 0.996098 1.22781 22.9844 1381
0.0624603 0.842649 0.996122 1.22843 22.9929 1382
0.0624034 0.841761 0.996148 1.22906 23.0013 1383
0.0623465 0.840874 0.996175 1.22968 23.0097 1384
0.0622897 0.839987 0.996204 1.2303 23.0181 1385
0.062233 0.8391 0.996234 1.23093 23.0265 1386
0.0621762 0.838213 0.996266 1.23155 23.0349 1387
0.0621195 0.837327 0.9963 1.23217 23.0433 1388
0.0620629 0.836441 0.996335 1.23279 23.0517 1389
0.0620063 0.835555 0.996371 1.23341 23.06 1390
0.0619497 0.83467 0.996409 1.23403 23.0684 1391
0.0618932 0.833785 0.996449 1.23465 23.0767 1392
0.0618367 0.8329 0.99649 1.23527 23.0851 1393
0.0617803 0.832016 0.996532 1.23589 23.0934 1394
0.0617239 0.831131 0.996577 1.23651 23.1017 1395
0.0616675 0.830247 0.996622 1.23712 23.11 1396
0.0616112 0.829364 0.996669 1.23774 23.1183 1397
0.0615549 0.82848 0.996718 1.23836 23.1266 1398
0.0614987 0.827597 0.996768 1.23897 23.1349 1399
0.0614425 0.826714 0.996819 1.23959 23.1432 1400
0.0613864 0.825832 0.996872 1.2402 23.1515 1401
0.0613302 0.824949 0.996926 1.24082 23.1597 1402
0.0612742 0.824067 0.996982 1.24143 23.168 1403
0.0612181 0.823185 0.99704 1.24204 23.1762 1404
0.0611622 0.822304 0.997098 1.24265 23.1844 1405
0.0611062 0.821423 0.997159 1.24327 23.1927 1406
0.0610503 0.820542 0.99722 1.24388 23.2009 1407
0.0609944 0.819661 0.997283 1.24449 23.2091 1408
0.0609386 0.81878 0.997348 1.2451 23.2173 1409
0.0608828 0.8179 0.997413 1.24571 23.2255 1410
0.0608271 0.81702 0.997481 1.24631 23.2336 1411
0.0607714 0.816141 0.997549 1.24692 23.2418 1412
0.0607157 0.815261 0.997619 1.24753 23.25 1413
0.0606601 0.814382 0.997691 1.24814 23.2581 1414
0.0606045 0.813504 0.997764 1.24874 23.2663 1415
0.060549 0.812625 0.997838 1.24935 23.2744 1416
0.0604935 0.811747 0.997913 1.24996 23.2825 1417
0.060438 0.810869 0.99799 1.25056 23.2906 1418
0.0603826 0.809991 0.998069 1.25117 23.2988 1419
0.0603272 0.809114 0.998148 1.25177 23.3069 1420
0.0602719 0.808236 0.998229 1.25237 23.3149 1421
0.0602166 0.807359 0.998312 1.25298 23.323 1422
0.0601614 0.806483 0.998395 1.25358 23.3311 1423
0.0601061 0.805606 0.99848 1.25418 23.3392 1424
0.060051 0.80473 0.998567 1.25478 23.3472 1425
0.0599958 0.803854 0.998654 1.25538 23.3553 1426
0.0599408 0.802979 0.998743 1.25598 23.3633 1427
0.0598857 0.802103 0.998833 1.25658 23.3713 1428
0.0598307 0.801228 0.998925 1.25718 23.3794 1429
0.0597757 0.800353 0.999018 1.25778 23.3874 1430
0.0597208 0.799479 0.999112 1.25837 23.3954 1431
0.0596659 0.798605 0.999207 1.25897 23.4034 1432
0.0596111 0.797731 0.999304 1.25957 23.4114 1433
0.0595562 0.796857 0.999402 1.26016 23.4193 1434
0.0595015 0.795983 0.999501 1.26076 23.4273 1435
0.0594468 0.79511 0.999602 1.26136 23.4353 1436
0.0593921 0.794237 0.999703 1.26195 23.4432 1437
0.0593374 0.793364 0.999806 1.26254 23.4512 1438
0.0592828 0.792492 0.99991 1.26314 23.4591 1439
0.0592282 0.79162 1.00002 1.26373 23.467 1440
0.0591737 0.790748 1.00012 1.26432 23.4749 1441
0.0591192 0.789876 1.00023 1.26491 23.4828 1442
0.0590648 0.789005 1.00034 1.26551 23.4907 1443
0.0590104 0.788134 1.00045 1.2661 23.4986 1444
0.058956 0.787263 1.00056 1.26669 23.5065 1445
0.0589017 0.786392 1.00067 1.26728 23.5144 1446
0.0588474 0.785522 1.00079 1.26786 23.5222 1447
0.0587932 0.784652 1.0009 1.26845 23.5301 1448
0.058739 0.783782 1.00102 1.26904 23.5379 1449
0.0586848 0.782912 1.00114 1.26963 23.5458 1450
0.0586307 0.782043 1.00126 1.27022 23.5536 1451
0.0585766 0.781174 1.00138 1.2708 23.5614 1452
0.0585226 0.780305 1.0015 1.27139 23.5692 1453
0.0584686 0.779436 1.00162 1.27197 23.577 1454
0.0584146 0.778568 1.00174 1.27256 23.5848 1455
0.0583607 0.7777 1.00187 1.27314 23.5926 1456
0.0583068 0.776832 1.00199 1.27372 23.6004 1457
